10
Colombo
Galle
Matara
Jaffna
Trinco
Anuradha
Nuwara
Gampaha
Ratna
Kurunegala
0 125 160 395 265 200 175 30 90 90 
125 0 40 490 361 300 250 130 130 200 
160 40 0 520 400 335 230 160 150 229 
395 490 520 0 235 200 389 370 423 302 
265 361 400 235 0 107 265 232 280 160 
200 300 335 200 107 0 221 169 218 100 
175 250 230 389 265 221 0 140 134 108 
30 130 160 370 232 169 140 0 80 65 
90 130 150 423 280 218 134 80 0 125 
90 200 229 302 160 100 108 65 125 0 
